q:254360121685046047230972737627095456373
p:508720243370092094461945475254190912747
g:6241954061487357500630752602811797628281211078835258007995614065175462432164
h:222558795700244843773680524510954879013963336280030783717240433143752288480625
g1:45598057705151672169360740558625890332
g2:68854564261539979992154011358882143411
ak:[174423945970789179179967234322171302908, 10568559441743620097552385236747960769, 162858031504999031912126240165664381177, 251895346406853436495753729357328407466, 60390344022449072617013771914746365407, 242228740582429699931227355738072105992, 92228507778158672538237300945897786434]
am:[209915095021953647873141204296809788421, 60967490728307028935040468312758254246, 13072434689593245509014654079463946826, 117954820124335413041056894578037396693, 110193586332837066443579809811483259456, 208871652834202167254225865355131213506, 232853185391741026727397550899381357003]
a:[61836245865919958629230025907014379835, 74758940982467916426826404385060965824, 208044248448133882196498089191296567887, 16612476548050582458813656237866579497, 217827495615740623130350659218521003846, 126176848148022641130410349606545656306, 193600687786935625334845946912618283129]
ar:[85958440518351075511884820086873244948, 94456847706381983109220074246779777286, 198458377717368842574405363110775341601, 125438419384021096502604305393463253741, 218235259822952981060147071861165445955, 94859922298142963393557116326401302688, 42633142665470634930823770415873080549]
